52991
61316
61469
5114
9253
57555
38524
28977
39486
11061
9969
15417
820
60022
34096
41467
43608
42938
4181
918
28851
2904
58514
35180
15335
19
37491
59978
51535
35247
54492
40682
59571
49387
37987
32281
36838
2921
40028
37510
31758
37521
263
32935
199
48583
17074
62276
60489
1
58788
39894
47917
50160
21
53223
52215
24701
50172
48569
60098
55016
52198
1575
53998
33095
45649
44074
51009
60058
33352
44
47778
56784
55690
21939
245
61930
61517
53447
5258
431
164
61952
59192
457
40434
35760
57864
57647
2001
23273
50399
33050
11665
22135
46102
58125
52742
34599
42310
1535
49413
57658
49818
34591
4565
40591
28891
19647
33
54898
50250
45576
36862
52701
38329
7311
41084
59636
51553
3786
37991
28957
63375
55823
16498
877
32
55255
32983
31757
12355
10379
437
170
40776
36098
30484
49701
7785
28735
25777
578
62076
52034
21329
5300
11741
40456
61903
60557
58567
7472
40664
40417
205
61322
55809
55791
53273
11981
31933
35843
801
12365
60988
59986
59845
58222
38474
35839
4282
40748
32182
57779
12431
3297
44070
40834
63019
62896
37779
30654
30276
10165
60544
38450
33049
6114
392
47194
37379
37208
31181
11577
36649
37105
44087
61335
35737
36999
26055
136
39741
20583
40059
56538
54857
24687
36538
42203
38889
44511
25781
467
36885
51039
53672
33255
34612
21899
40730
2246
30709
50265
50330
57334
36275
35851
49722
38040
37999
38000
45556
62340
60543
55772
37515
35557
5028
9756
50183
55888
55318
53236
39167
4921
2402
37965
11979
40787
5
38475
60570
5941
31646
46095
38883
14397
32366
30
57067
56523
55102
9617
5205
9260
6945
48561
49310
572
338
185
49721
37095
37822
22789
53540
39547
31988
39808
41025
41457
10534
58919
58390
56524
46654
2251
777
10937
39587
49458
50159
10030
49926
39551
59953
59897
52684
12029
28701
5040
7655
40211
2559
42941
42984
34240
5081
22535
13601
39535
137
1210
48653
42886
20651
55357
51805
51440
34534
39112
30230
10162
62568
62568
56752
55644
5420
5341
4081
22507
31043
49571
1365
59408
10863
17389
6675
3784
24415
6594
759
12531
39533
50407
2150
41487
57
1735
43325
60371
59150
55830
54870
11917
36371
38731
486
9989
62277
35111
32188
19363
23327
30346
45
43
38826
58572
57592
53111
37520
34798
25835
44412
2685
513
265
38691
10087
139
9735
10408
59983
54595
54029
1698
3002
1033
523
440
31812
329
264
34036
31240
56215
54959
37989
10271
36990
25681
13125
2418
44940
32937
512
50594
35838
59551
37055
35677
15227
33051
37450
11977
585
45577
40853
28805
11843
5690
1842
16664
6
372
62927
59062
59027
35110
12115
38249
2966
1453
47794
40784
35466
48316
627
49918
813
36946
60420
59654
53393
52588
52578
51179
18617
5460
23847
6811
16894
3091
32843
38680
50602
9863
39247
18115
55866
37171
38003
37514
39166
19123
49574
40052
49590
186
138
49114
232
61186
36370
7791
37078
22297
32005
4107
40729
3226
6864
38088
1519
1142
558
42894
23623
18
42897
235
34636
44055
59228
57433
55825
53065
34537
29831
10800
33323
18195
7674
962
40911
38234
32867
33674
39592
1430
853
1889
47
57181
55911
55655
52299
1382
721
49052
40852
51019
59833
56009
54789
53127
9890
38481
40435
16662
3701
44042
21469
30503
25537
48549
49521
49909
50528
50709
34572
60310
56738
31715
37962
28675
10153
39792
4477
3371
35857
14713
41361
731
28223
50325
51122
48736
49053
37430
54856
54650
51335
17739
30364
29755
25313
1827
1604
11597
121
1364
63130
63130
59459
59229
52826
15323
20899
6467
36296
40542
9130
40421
30370
8129
18689
15059
49709
302
239
50612
28171
59970
59306
58689
53888
53411
52347
1566
12859
49596
339
50416
2581
35608
60048
59898
18661
32122
6746
16918
38081
31051
6336
3702
32902
50380
30831
2236
56653
31149
31658
66
23283
44218
4938
851
50796
46569
12069
34076
1471
135
28025
61339
57524
54791
36369
31251
4722
3927
40815
3016
39198
1486
1257
3901
2951
24833
59828
56063
21419
3665
42429
22145
1367
48895
2449
56980
51836
53887
6547
35062
27833
40080
12189
24277
1974
1943
1096
49320
48661
10643
237
32282
38668
62405
60852
59841
58877
53410
13759
21557
25013
23317
11771
33486
4155
4224
8425
2004
40907
889
781
268
227
50587
51096
2025
62543
62543
51367
27989
4901
27821
2034
1506
4918
1363
1559
18679
19815
589
59675
58913
52107
9996
82
72
33161
41781
9204
2164
44235
34822
535
49782
23777
20
41402
55701
52846
48755
38993
6045
34376
42640
5681
1065
49587
50207
34626
153
37870
9963
81
27663
6421
6211
6171
3783
2759
44931
39783
1482
48411
14513
16049
2563
387
269
14813
59939
59226
59001
35382
2167
1914
5365
42923
49430
543
50593
7054
59791
58143
36702
36456
16706
14807
42250
2618
40174
4789
1023
3167
48585
223
9656
16
58517
59145
23199
33221
33970
41923
2890
31173
861
846
2448
416
2076
50631
35788
56609
42166
7720
34440
77
39468
27831
31973
30015
41611
2761
40716
32615
4672
996
967
401
61508
59817
55993
53924
7222
11239
5029
40397
38422
41462
7465
1695
36963
4053
2450
62164
59497
58509
54915
38349
25879
5678
3907
39570
17549
42916
38080
1530
4772
1089
20507
2154
38084
50346
122
37150
61784
60726
58555
53499
12477
16067
4059
34100
658
39565
61274
59077
58883
55742
52976
51180
36593
7062
24997
31174
27775
10049
2829
2828
10721
38337
41169
48171
18179
793
532
645
187
36949
62249
62001
60787
60285
59708
56785
51318
34437
8740
11739
21855
85
37675
34944
5682
427
30279
7645
21647
46422
16001
11113
15689
73
1470
28
15
35968
61595
55310
54118
53287
52865
38436
35222
6774
41782
27947
7711
35790
22961
33206
1376
4106
790
2471
32995
283
48580
38409
29803
60541
60108
59360
57066
56805
36028
9289
17265
35075
20057
3228
18397
6438
28297
47904
1088
2952
795
7338
12815
114
37932
59385
53199
52293
16395
34438
13331
30952
29830
37786
3572
31098
29893
35848
11813
38201
890
780
1921
322
249
23775
24
14075
995
31339
57616
55153
52168
37029
10012
26213
25517
12113
38770
39164
5680
4985
35082
34021
36563
2159
2158
1594
934
779
2752
28669
14353
49570
14719
50634
50403
60334
58930
58059
